0.1011
0.1011
0.1015
0.1014
0.1016
0.1214
0.1249
0.1255
0.1272
0.1290
0.1294
0.1307
0.1324
0.1342
0.1367
0.1387
0.1404
0.1421
0.1436
0.1447
0.1458
0.1468
0.1478
0.1491
0.1514
0.1532
0.1539
0.1555
0.1556
0.1576
0.1586
0.1602
0.1611
0.1618
0.1627
0.1644
0.1653
0.1662
0.1675
0.1686
0.1692
0.1709
0.1720
0.1728
0.1738
0.1751
0.1758
0.1769
0.1778
0.1792
0.1795
0.1805
0.1816
0.1824
0.1836
0.1846
0.1863
0.1866
0.1873
0.1884
0.1896
0.1904
0.1907
0.1922
0.1937
0.1942
0.1953
0.1956
0.1968
0.1982
0.1979
0.1993
0.2006
0.2014
0.2023
0.2028
0.2041
0.2041
0.2055
0.2063
0.2075
0.2079
0.2085
0.2098
0.2111
0.2110
0.2123
0.2126
0.2136
0.2142
0.2149
0.2157
0.2162
0.2174
0.2177
0.2185
0.2191
0.2195
0.2205
0.2212
0.2222
0.2226
0.2229
0.2238
0.2245
0.2254
0.2261
0.2263
0.2271
0.2274
0.2280
0.2290
0.2297
0.2304
0.2308
0.2314
0.2325
0.2332
0.2334
0.2340
0.2345
0.2354
0.2358
0.2359
0.2364
0.2367
0.2378
0.2381
0.2382
0.2391
0.2394
0.2402
0.2406
0.2409
0.2413
0.2419
0.2422
0.2427
0.2429
0.2436
0.2440
0.2444
0.2446
0.2456
0.2457
0.2462
0.2465
0.2469
0.2467
0.2479
0.2476
0.2483
0.2485
0.2495
0.2494
0.2498
0.2503
0.2507
0.2513
0.2515
0.2514
0.2521
0.2528
0.2527
0.2536
0.2530
0.2539
0.2536
0.2542
0.2544
0.2546
0.2544
0.2546
0.2553
0.2552
0.2557
0.2551
0.2559
0.2555
0.2565
0.2561
0.2568
0.2566
0.2566
0.2572
0.2573
0.2574
0.2577
0.2578
0.2581
0.2581
0.2588
0.2591
0.2591
0.2591
0.2593
0.2599
0.2598
0.2596
0.2598
0.2598
0.2597
0.2601
0.2600
0.2606
0.2609
0.2605
0.2602
0.2614
0.2608
0.2609
0.2613
0.2611
0.2613
0.2615
0.2616
0.2616
0.2613
0.2621
0.2621
0.2619
0.2619
0.2623
0.2620
0.2622
0.2624
0.2631
0.2624
0.2631
0.2628
0.2629
0.2631
0.2627
0.2631
0.2636
0.2634
0.2635
0.2633
0.2634
0.2636
0.2628
0.2636
0.2638
0.2632
0.2631
0.2635
0.2635
0.2640
0.2634
0.2634
0.2633
0.2637
0.2638
0.2632
0.2635
0.2635
0.2634
0.2642
0.2640
0.2638
0.2641
0.2640
0.2645
0.2642
0.2643
0.2648
0.2648
0.2646
0.2643
0.2647
0.2650
0.2646
0.2653
0.2649
0.2649
0.2653
0.2651
0.2649
0.2652
0.2648
0.2655
0.2648
0.2653
0.2652
0.2651
0.2654
0.2651
0.2651
0.2654
0.2652
0.2655
0.2650
0.2650
0.2654
0.2660
0.2655
0.2655
0.2658
0.2652
0.2653
0.2659
0.2656
0.2657
0.2658
0.2659
0.2655
0.2657
0.2657
0.2657
0.2660
0.2661
0.2659
0.2662
0.2659
0.2659
0.2661
0.2664
0.2660
0.2663
0.2663
0.2660
0.2669
0.2664
0.2660
0.2664
0.2667
0.2666
0.2665
0.2663
0.2663
0.2667
0.2662
0.2665
0.2667
0.2666
0.2666
0.2666
0.2665
0.2663
0.2668
0.2667
0.2665
0.2668
0.2667
0.2667
0.2670
0.2668
0.2669
0.2671
0.2669
0.2668
0.2664
0.2667
0.2666
0.2670
0.2666
0.2669
0.2665
0.2665
0.2669
0.2666
0.2666
0.2666
0.2668
0.2667
0.2667
0.2667
0.2668
0.2664
0.2668
0.2667
0.2669
0.2667
0.2663
0.2670
0.2666
0.2668
0.2667
0.2668
0.2668
0.2666
0.2669
0.2667
0.2668
0.2665
0.2668
0.2669
0.2663
0.2665
0.2669
0.2666
0.2668
0.2669
0.2671
0.2665
0.2667
0.2666
0.2671
0.2665
0.2668
0.2662
0.2667
0.2668
0.2666
0.2669
0.2665
0.2666
0.2669
0.2669
0.2669
0.2667
0.2669
0.2669
0.2667
0.2673
0.2666
0.2671
0.2670
0.2668
0.2670
0.2666
0.2668
0.2674
0.2669
0.2669
0.2670
0.2671
0.2670
0.2673
0.2665
0.2672
0.2671
0.2667
0.2667
0.2670
0.2666
0.2671
0.2665
0.2667
0.2666
0.2668
0.2668
0.2664
0.2662
0.2665
0.2669
0.2668
0.2668
0.2667
0.2669
0.2664
0.2667
0.2663
0.2665
0.2670
0.2665
0.2664
0.2668
0.2665
0.2663
0.2665
0.2664
0.2666
0.2669
0.2666
0.2666
0.2665
0.2664
0.2664
0.2663
0.2666
0.2666
0.2670
0.2665
0.2663
0.2672
0.2662
0.2664
0.2669
0.2665
0.2664
0.2664
0.2666
0.2665
0.2665
0.2662
0.2663
0.2665
0.2664
0.2665
0.2663
0.2664
0.2664
0.2670
0.2663
0.2668
0.2668
0.2665
0.2662
0.2667
0.2667
0.2666
0.2663
0.2666
0.2664
0.2666
0.2670
0.2664
0.2667
0.2670
0.2663
0.2664
0.2662
0.2663
0.2665
0.2664
0.2663
0.2664
0.2665
0.2661
0.2661
0.2656
0.2660
0.2664
0.2663
0.2667
0.2659
0.2658
0.2657
0.2660
0.2657
0.2658
0.2654
0.2658
0.2659
0.2656
0.2661
0.2657
0.2655
0.2657
0.2657
0.2653
0.2657
0.2655
0.2655
0.2653
0.2656
0.2655
0.2649
0.2651
0.2647
0.2653
0.2646
0.2653
0.2646
0.2649
0.2643
0.2646
0.2653
0.2645
0.2649
0.2648
0.2644
0.2646
0.2649
0.2646
0.2646
0.2650
0.2643
0.2643
0.2641
0.2641
0.2643
0.2644
0.2640
0.2642
0.2644
0.2640
0.2643
0.2643
0.2645
0.2636
0.2643
0.2639
0.2631
0.2632
0.2633
0.2629
0.2639
0.2636
0.2631
0.2630
0.2630
0.2625
0.2625
0.2626
0.2631
0.2629
0.2624
0.2618
0.2620
0.2616
0.2614
0.2617
0.2613
0.2612
0.2607
0.2608
0.2612
0.2610
0.2607
0.2610
0.2605
0.2605
0.2606
0.2601
0.2603
0.2603
0.2607
0.2613
0.2607
0.2608
0.2613
0.2611
0.2610
0.2618
0.2621
0.2613
0.2615
0.2619
0.2619
0.2620
0.2628
0.2622
0.2628
0.2626
0.2623
0.2620
0.2632
0.2631
0.2629
0.2636
0.2634
0.2636
0.2632
0.2631
0.2633
0.2637
0.2641
0.2642
0.2642
0.2642
0.2642
0.2646
0.2651
0.2644
0.2653
0.2649
0.2654
0.2656
0.2656
0.2653
0.2660
0.2663
0.2661
0.2663
0.2669
0.2668
0.2674
0.2670
0.2676
0.2673
0.2678
0.2681
0.2682
0.2678
0.2686
0.2683
0.2685
0.2689
0.2681
0.2684
0.2698
0.2696
0.2696
0.2701
0.2696
0.2700
0.2698
0.2696
0.2701
0.2710
0.2704
0.2700
0.2699
0.2698
0.2703
0.2706
0.2702
0.2706
0.2697
0.2708
0.2706
0.2709
0.2713
0.2715
0.2710
0.2715
0.2707
0.2700
0.2707
0.2707
0.2712
0.2706
0.2720
0.2710
0.2712
0.2716
0.2703
0.2715
0.2713
0.2705
0.2707
0.2713
0.2711
0.2706
0.2719
0.2706
0.2723
0.2724
0.2713
0.2720
0.2724
0.2726
0.2712
0.2722
0.2729
0.2739
0.2723
0.2725
0.2728
0.2714
0.2721
0.2748
0.2731
0.2722
0.2729
0.2734
0.2738
0.2730
0.2733
0.2735
0.2732
0.2734
0.2741
0.2741
0.2737
0.2745
0.2750
0.2741
0.2751
0.2758
0.2755
0.2748
0.2753
0.2761
0.2747
0.2760
0.2750
0.2750
0.2764
0.2757
0.2749
0.2764
0.2753
0.2762
0.2767
0.2767
0.2770
0.2761
0.2770
0.2770
0.2776
0.2792
0.2771
0.2780
0.2779
0.2774
0.2781
0.2780
0.2779
0.2777
0.2784
0.2791
0.2778
0.2791
0.2781
0.2788
0.2790
0.2791
0.2791
0.2795
0.2791
0.2789
0.2800
0.2788
0.2800
0.2798
0.2779
0.2792
0.2811
0.2799
0.2804
0.2800
0.2804
0.2815
0.2800
0.2805
0.2802
0.2801
0.2804
0.2804
0.2804
0.2813
0.2800
0.2803
0.2804
0.2793
0.2811
0.2809
0.2804
0.2804
0.2801
0.2820
0.2813
0.2806
0.2800
0.2805
0.2801
0.2808
0.2803
0.2805
0.2816
0.2807
0.2806
0.2804
0.2810
0.2816
0.2802
0.2815
0.2814
0.2815
0.2814
0.2817
0.2823
0.2821
0.2824
0.2817
0.2816
0.2820
0.2829
0.2827
0.2823
0.2830
0.2821
0.2823
0.2823
0.2836
0.2823
0.2817
0.2817
0.2831
0.2830
0.2843
0.2831
0.2839
0.2825
0.2837
0.2826
0.2826
0.2823
0.2835
0.2827
0.2834
0.2833
0.2827
0.2841
0.2829
0.2824
0.2832
0.2849
0.2843
0.2835
0.2830
0.2840
0.2836
0.2835
0.2833
0.2817
0.2839
0.2826
0.2834
0.2832
0.2838
0.2836
0.2839
0.2828
0.2830
0.2837
0.2834
0.2847
0.2823
0.2840
0.2829
0.2838
0.2830
0.2844
0.2840
0.2830
0.2830
0.2833
0.2834
0.2819
0.2828
0.2831
0.2839
0.2831
0.2834
0.2839
0.2827
0.2821
0.2834
0.2825
0.2826
0.2829
0.2825
0.2829
0.2821
0.2825
0.2833
0.2828
0.2824
0.2829
0.2826
0.2830
0.2828
0.2830
0.2824
0.2825
0.2829
0.2830
0.2819
0.2829
0.2823
0.2829
0.2824
0.2831
0.2827
0.2825
0.2825
0.2829
0.2837
0.2824
0.2828
0.2830
0.2825
0.2818
0.2836
0.2825
0.2823
0.2835
0.2828
0.2828
0.2826
0.2826
0.2833
0.2818
0.2832
0.2834
0.2818
0.2832
0.2835
0.2820
0.2827
0.2829
0.2815
0.2827
0.2822
0.2823
0.2825
0.2822
0.2825
0.2820
0.2826
0.2825
0.2827
0.2821
0.2830
0.2818
0.2829
0.2828
0.2826
0.2827
0.2820
0.2823
0.2826
0.2828
0.2819
0.2814
0.2821
0.2825
0.2827
0.2826
0.2813
0.2819
0.2823
0.2828
0.2826
0.2812
0.2821
0.2819
0.2818
0.2815
0.2823
0.2824
0.2809
0.2817
0.2819
0.2813
0.2820
0.2818
0.2812
0.2814
0.2813
0.2810
0.2811
0.2811
0.2813
0.2809
0.2801
0.2811
0.2809
0.2812
0.2805
0.2811
0.2804
0.2815
0.2807
0.2811
0.2810
0.2809
0.2811
0.2809
0.2813
0.2812
0.2812
0.2810
0.2810
0.2809
0.2809
0.2802
0.2810
0.2806
0.2810
0.2803
0.2810
0.2813
0.2812
0.2806
0.2808
0.2808
0.2811
0.2806
0.2810
0.2814
0.2807
0.2808
0.2809
0.2808
0.2812
0.2810
0.2810
0.2808
0.2812
0.2806
0.2807
0.2810
0.2810
0.2809
0.2815
0.2812
0.2811
0.2808
0.2813
0.2812
0.2810
0.2807
0.2812
0.2812
0.2813
0.2809
0.2810
0.2809
0.2814
0.2814
0.2807
0.2813
0.2814
0.2813
0.2815
0.2807
0.2816
0.2811
0.2808
0.2811
0.2809
0.2810
0.2813
0.2808
0.2809
0.2811
0.2811
0.2812
0.2813
0.2812
0.2813
0.2813
0.2812
0.2808
0.2811
0.2813
0.2814
0.2808
0.2805
0.2811
0.2811
0.2811
0.2813
0.2810
0.2811
0.2811
0.2813
0.2815
0.2811
0.2811
0.2806
0.2812
0.2810
0.2819
0.2810
0.2810
0.2812
0.2818
0.2809
0.2805
0.2814
0.2814
0.2811
0.2812
0.2806
0.2814
0.2813
0.2807
0.2811
0.2811
0.2808
0.2808
0.2812
0.2811
0.2806
0.2809
0.2810
0.2805
0.2807
0.2805
0.2809
0.2807
0.2806
0.2806
0.2805
0.2807
0.2806
0.2806
0.2803
0.2804
0.2803
0.2799
0.2804
0.2798
0.2796
0.2800
0.2803
0.2797
0.2802
0.2797
0.2802
0.2796
0.2795
0.2796
0.2799
0.2798
0.2806
0.2798
0.2792
0.2800
0.2795
0.2797
0.2798
0.2799
0.2799
0.2799
0.2797
0.2800
0.2794
0.2793
0.2798
0.2797
0.2794
0.2797
0.2800
0.2798
0.2795
0.2796
0.2799
0.2796
0.2800
0.2799
0.2794
0.2793
0.2791
0.2792
0.2793
0.2792
0.2795
0.2796
0.2796
0.2793
0.2788
0.2794
0.2789
0.2792
0.2795
0.2792
0.2791
0.2797
0.2794
0.2793
0.2790
0.2793
0.2788
0.2790
0.2795
0.2791
0.2795
0.2789
0.2791
0.2787
0.2788
0.2795
0.2795
0.2794
0.2792
0.2790
0.2793
0.2793
0.2786
0.2795
0.2792
0.2793
0.2791
0.2793
0.2785
0.2791
0.2793
0.2792
0.2791
0.2791
0.2790
0.2792
0.2789
0.2791
0.2781
0.2791
0.2792
0.2788
0.2790
0.2789
0.2787
0.2795
0.2789
0.2786
0.2789
0.2788
0.2788
0.2785
0.2786
0.2786
0.2786
0.2787
0.2783
0.2792
0.2784
0.2785
0.2782
0.2780
0.2780
0.2781
0.2771
0.2782
0.2781
0.2786
0.2789
0.2781
0.2782
0.2781
0.2787
0.2788
0.2780
0.2782
0.2783
0.2787
0.2783
0.2780
0.2783
0.2776
0.2783
0.2782
0.2782
0.2783
0.2781
0.2780
0.2784
0.2785
0.2781
0.2786
0.2776
0.2786
0.2778
0.2783
0.2779
0.2783
0.2783
0.2781
0.2780
0.2774
0.2779
0.2780
0.2778
0.2777
0.2775
0.2780
0.2777
0.2779
0.2784
0.2777
0.2776
0.2780
0.2776
0.2774
0.2777
0.2779
0.2779
0.2775
0.2777
0.2774
0.2774
0.2775
0.2777
0.2771
0.2777
0.2777
0.2774
0.2777
0.2780
0.2775
0.2774
0.2773
0.2773
0.2775
0.2767
0.2776
0.2771
0.2770
0.2774
0.2781
0.2781
0.2779
0.2781
0.2778
0.2781
0.2779
0.2776
0.2781
0.2783
0.2778
0.2779
0.2786
0.2780
0.2779
0.2782
0.2783
0.2780
0.2784
0.2784
0.2777
0.2781
0.2774
0.2783
0.2782
0.2784
0.2783
0.2784
0.2780
0.2783
0.2779
0.2779
0.2780
0.2778
0.2781
0.2780
0.2779
0.2782
0.2780
0.2782
0.2776
0.2779
0.2779
0.2776
0.2779
0.2779
0.2777
0.2777
0.2777
0.2779
0.2779
0.2781
0.2781
0.2773
0.2778
0.2775
0.2779
0.2775
0.2780
0.2781
0.2777
0.2776
0.2777
0.2776
0.2779
0.2783
0.2781
0.2780
0.2780
0.2780
0.2776
0.2779
0.2779
0.2774
0.2781
0.2780
0.2778
0.2776
0.2777
0.2774
0.2785
0.2776
0.2773
0.2779
0.2780
0.2778
0.2779
0.2782
0.2787
0.2785
0.2784
0.2779
0.2784
0.2783
0.2785
0.2786
0.2770
0.2776
0.2784
0.2788
0.2777
0.2785
0.2788
0.2784
0.2781
0.2785
0.2783
0.2783
0.2783
0.2786
0.2785
0.2785
0.2784
0.2784
0.2781
0.2781
0.2781
