0.0458
0.0458
0.0459
0.0459
0.0460
0.0557
0.0575
0.0583
0.0592
0.0601
0.0605
0.0612
0.0622
0.0632
0.0642
0.0654
0.0661
0.0668
0.0680
0.0685
0.0694
0.0703
0.0709
0.0719
0.0729
0.0740
0.0743
0.0752
0.0754
0.0764
0.0771
0.0777
0.0783
0.0791
0.0794
0.0802
0.0808
0.0812
0.0820
0.0825
0.0830
0.0839
0.0844
0.0849
0.0855
0.0862
0.0865
0.0871
0.0876
0.0883
0.0886
0.0891
0.0897
0.0902
0.0907
0.0914
0.0921
0.0924
0.0928
0.0935
0.0941
0.0944
0.0948
0.0955
0.0962
0.0966
0.0971
0.0975
0.0979
0.0987
0.0987
0.0993
0.0998
0.1004
0.1009
0.1012
0.1017
0.1019
0.1025
0.1029
0.1036
0.1038
0.1042
0.1048
0.1054
0.1055
0.1061
0.1065
0.1070
0.1073
0.1075
0.1080
0.1084
0.1090
0.1092
0.1096
0.1099
0.1102
0.1106
0.1110
0.1115
0.1117
0.1121
0.1123
0.1128
0.1132
0.1136
0.1139
0.1142
0.1142
0.1149
0.1152
0.1156
0.1160
0.1162
0.1165
0.1170
0.1174
0.1176
0.1179
0.1182
0.1185
0.1188
0.1190
0.1192
0.1194
0.1199
0.1201
0.1202
0.1206
0.1207
0.1212
0.1214
0.1216
0.1218
0.1222
0.1223
0.1226
0.1227
0.1230
0.1232
0.1233
0.1237
0.1240
0.1240
0.1243
0.1245
0.1246
0.1246
0.1251
0.1251
0.1253
0.1255
0.1258
0.1259
0.1261
0.1264
0.1267
0.1269
0.1270
0.1270
0.1273
0.1275
0.1277
0.1280
0.1277
0.1281
0.1280
0.1283
0.1283
0.1285
0.1285
0.1285
0.1288
0.1288
0.1290
0.1290
0.1294
0.1292
0.1295
0.1295
0.1298
0.1298
0.1298
0.1299
0.1300
0.1301
0.1303
0.1304
0.1304
0.1305
0.1308
0.1308
0.1309
0.1309
0.1310
0.1312
0.1313
0.1314
0.1314
0.1313
0.1314
0.1316
0.1316
0.1318
0.1319
0.1318
0.1318
0.1321
0.1321
0.1321
0.1323
0.1323
0.1323
0.1325
0.1324
0.1324
0.1325
0.1328
0.1327
0.1326
0.1327
0.1328
0.1327
0.1329
0.1328
0.1332
0.1330
0.1333
0.1332
0.1332
0.1332
0.1331
0.1333
0.1334
0.1334
0.1335
0.1334
0.1334
0.1335
0.1332
0.1335
0.1336
0.1334
0.1334
0.1336
0.1336
0.1337
0.1335
0.1337
0.1336
0.1337
0.1338
0.1336
0.1337
0.1336
0.1337
0.1338
0.1337
0.1338
0.1339
0.1338
0.1340
0.1339
0.1341
0.1342
0.1341
0.1341
0.1339
0.1341
0.1343
0.1341
0.1343
0.1343
0.1342
0.1344
0.1344
0.1343
0.1344
0.1342
0.1344
0.1343
0.1345
0.1345
0.1344
0.1345
0.1344
0.1344
0.1345
0.1344
0.1345
0.1344
0.1344
0.1345
0.1347
0.1346
0.1346
0.1348
0.1345
0.1345
0.1347
0.1347
0.1346
0.1346
0.1347
0.1347
0.1347
0.1346
0.1347
0.1348
0.1348
0.1348
0.1349
0.1347
0.1348
0.1348
0.1349
0.1348
0.1349
0.1349
0.1348
0.1350
0.1350
0.1347
0.1350
0.1351
0.1350
0.1350
0.1350
0.1350
0.1350
0.1349
0.1349
0.1350
0.1351
0.1350
0.1351
0.1349
0.1350
0.1351
0.1351
0.1350
0.1351
0.1351
0.1350
0.1352
0.1351
0.1352
0.1353
0.1352
0.1352
0.1350
0.1352
0.1351
0.1352
0.1351
0.1352
0.1351
0.1352
0.1353
0.1352
0.1351
0.1352
0.1352
0.1352
0.1352
0.1352
0.1351
0.1351
0.1351
0.1353
0.1352
0.1352
0.1351
0.1353
0.1351
0.1352
0.1353
0.1353
0.1353
0.1353
0.1353
0.1352
0.1353
0.1352
0.1352
0.1353
0.1351
0.1352
0.1352
0.1352
0.1352
0.1353
0.1353
0.1351
0.1351
0.1351
0.1353
0.1351
0.1353
0.1350
0.1352
0.1353
0.1351
0.1353
0.1351
0.1352
0.1353
0.1352
0.1353
0.1353
0.1352
0.1352
0.1352
0.1354
0.1351
0.1352
0.1353
0.1352
0.1352
0.1351
0.1352
0.1354
0.1352
0.1352
0.1353
0.1352
0.1352
0.1352
0.1351
0.1352
0.1352
0.1351
0.1351
0.1353
0.1351
0.1352
0.1350
0.1351
0.1350
0.1352
0.1352
0.1350
0.1350
0.1351
0.1352
0.1352
0.1350
0.1351
0.1352
0.1350
0.1351
0.1350
0.1351
0.1351
0.1351
0.1349
0.1351
0.1351
0.1350
0.1351
0.1350
0.1351
0.1351
0.1350
0.1350
0.1349
0.1350
0.1350
0.1348
0.1350
0.1350
0.1351
0.1350
0.1348
0.1353
0.1348
0.1349
0.1350
0.1350
0.1348
0.1349
0.1349
0.1348
0.1349
0.1349
0.1348
0.1348
0.1349
0.1349
0.1348
0.1349
0.1348
0.1350
0.1348
0.1349
0.1350
0.1348
0.1347
0.1348
0.1348
0.1348
0.1346
0.1347
0.1347
0.1348
0.1348
0.1347
0.1348
0.1347
0.1346
0.1346
0.1345
0.1346
0.1346
0.1346
0.1345
0.1345
0.1346
0.1344
0.1344
0.1342
0.1343
0.1344
0.1344
0.1345
0.1344
0.1342
0.1343
0.1344
0.1342
0.1342
0.1341
0.1342
0.1341
0.1339
0.1342
0.1340
0.1340
0.1341
0.1340
0.1338
0.1340
0.1338
0.1340
0.1339
0.1339
0.1338
0.1336
0.1337
0.1336
0.1338
0.1335
0.1336
0.1335
0.1335
0.1334
0.1336
0.1337
0.1333
0.1336
0.1334
0.1332
0.1333
0.1335
0.1332
0.1333
0.1334
0.1332
0.1332
0.1331
0.1331
0.1332
0.1332
0.1331
0.1331
0.1332
0.1331
0.1331
0.1329
0.1331
0.1326
0.1329
0.1327
0.1323
0.1324
0.1324
0.1322
0.1326
0.1323
0.1322
0.1320
0.1320
0.1317
0.1318
0.1317
0.1319
0.1318
0.1316
0.1314
0.1312
0.1313
0.1311
0.1311
0.1311
0.1310
0.1306
0.1307
0.1308
0.1308
0.1306
0.1306
0.1305
0.1304
0.1304
0.1300
0.1303
0.1302
0.1302
0.1305
0.1303
0.1301
0.1305
0.1305
0.1303
0.1306
0.1306
0.1303
0.1304
0.1305
0.1307
0.1305
0.1307
0.1305
0.1308
0.1306
0.1306
0.1304
0.1310
0.1307
0.1308
0.1310
0.1310
0.1312
0.1309
0.1308
0.1309
0.1310
0.1313
0.1312
0.1311
0.1310
0.1310
0.1311
0.1312
0.1310
0.1313
0.1312
0.1312
0.1313
0.1313
0.1313
0.1315
0.1315
0.1314
0.1314
0.1317
0.1316
0.1317
0.1317
0.1319
0.1316
0.1318
0.1321
0.1321
0.1319
0.1322
0.1319
0.1322
0.1324
0.1320
0.1322
0.1328
0.1326
0.1327
0.1329
0.1326
0.1327
0.1326
0.1326
0.1329
0.1333
0.1328
0.1328
0.1326
0.1326
0.1328
0.1329
0.1327
0.1330
0.1326
0.1330
0.1330
0.1328
0.1332
0.1333
0.1330
0.1331
0.1326
0.1324
0.1327
0.1326
0.1329
0.1328
0.1333
0.1329
0.1330
0.1329
0.1325
0.1330
0.1331
0.1327
0.1327
0.1330
0.1328
0.1326
0.1330
0.1325
0.1333
0.1334
0.1327
0.1330
0.1332
0.1331
0.1327
0.1331
0.1334
0.1340
0.1332
0.1334
0.1332
0.1326
0.1331
0.1345
0.1337
0.1330
0.1333
0.1337
0.1339
0.1333
0.1336
0.1335
0.1335
0.1336
0.1338
0.1339
0.1337
0.1342
0.1345
0.1339
0.1344
0.1347
0.1346
0.1343
0.1343
0.1350
0.1341
0.1349
0.1344
0.1344
0.1350
0.1346
0.1344
0.1350
0.1345
0.1349
0.1352
0.1352
0.1353
0.1348
0.1353
0.1353
0.1355
0.1366
0.1354
0.1358
0.1356
0.1353
0.1359
0.1358
0.1355
0.1355
0.1359
0.1363
0.1355
0.1363
0.1356
0.1360
0.1362
0.1362
0.1364
0.1365
0.1362
0.1361
0.1368
0.1361
0.1367
0.1367
0.1356
0.1365
0.1372
0.1367
0.1370
0.1368
0.1369
0.1376
0.1366
0.1372
0.1369
0.1369
0.1368
0.1372
0.1369
0.1374
0.1367
0.1371
0.1371
0.1364
0.1373
0.1372
0.1371
0.1370
0.1368
0.1379
0.1377
0.1372
0.1368
0.1371
0.1367
0.1374
0.1367
0.1371
0.1377
0.1373
0.1372
0.1370
0.1375
0.1377
0.1368
0.1376
0.1379
0.1376
0.1375
0.1376
0.1381
0.1378
0.1380
0.1375
0.1375
0.1376
0.1383
0.1382
0.1378
0.1383
0.1377
0.1379
0.1377
0.1387
0.1377
0.1373
0.1375
0.1382
0.1380
0.1387
0.1381
0.1385
0.1379
0.1383
0.1379
0.1377
0.1376
0.1383
0.1378
0.1382
0.1380
0.1378
0.1385
0.1378
0.1377
0.1379
0.1392
0.1388
0.1383
0.1380
0.1385
0.1383
0.1383
0.1381
0.1371
0.1384
0.1379
0.1381
0.1381
0.1384
0.1384
0.1385
0.1378
0.1380
0.1383
0.1382
0.1389
0.1377
0.1386
0.1379
0.1385
0.1381
0.1389
0.1386
0.1380
0.1380
0.1382
0.1383
0.1374
0.1381
0.1382
0.1386
0.1382
0.1384
0.1387
0.1380
0.1377
0.1384
0.1379
0.1379
0.1382
0.1381
0.1383
0.1379
0.1380
0.1385
0.1382
0.1380
0.1383
0.1378
0.1382
0.1382
0.1382
0.1379
0.1379
0.1382
0.1382
0.1374
0.1381
0.1378
0.1380
0.1377
0.1382
0.1380
0.1379
0.1379
0.1381
0.1386
0.1377
0.1380
0.1382
0.1378
0.1375
0.1385
0.1378
0.1378
0.1384
0.1379
0.1379
0.1378
0.1378
0.1383
0.1375
0.1382
0.1382
0.1375
0.1381
0.1382
0.1375
0.1379
0.1381
0.1373
0.1379
0.1376
0.1376
0.1376
0.1377
0.1379
0.1374
0.1379
0.1377
0.1378
0.1375
0.1380
0.1375
0.1379
0.1379
0.1378
0.1379
0.1375
0.1377
0.1378
0.1379
0.1375
0.1372
0.1376
0.1378
0.1380
0.1379
0.1371
0.1375
0.1378
0.1381
0.1379
0.1372
0.1376
0.1375
0.1374
0.1373
0.1378
0.1378
0.1371
0.1376
0.1377
0.1375
0.1378
0.1376
0.1373
0.1375
0.1375
0.1371
0.1373
0.1374
0.1375
0.1371
0.1366
0.1373
0.1370
0.1374
0.1371
0.1374
0.1369
0.1375
0.1370
0.1372
0.1373
0.1372
0.1374
0.1371
0.1374
0.1374
0.1373
0.1372
0.1373
0.1371
0.1370
0.1368
0.1373
0.1370
0.1373
0.1368
0.1371
0.1374
0.1373
0.1369
0.1370
0.1370
0.1373
0.1369
0.1372
0.1374
0.1368
0.1369
0.1369
0.1369
0.1372
0.1370
0.1368
0.1369
0.1372
0.1366
0.1369
0.1369
0.1367
0.1368
0.1371
0.1370
0.1368
0.1368
0.1371
0.1369
0.1368
0.1367
0.1369
0.1369
0.1369
0.1366
0.1368
0.1367
0.1369
0.1371
0.1365
0.1369
0.1370
0.1368
0.1371
0.1365
0.1370
0.1368
0.1365
0.1368
0.1366
0.1368
0.1368
0.1366
0.1368
0.1368
0.1369
0.1368
0.1368
0.1369
0.1368
0.1368
0.1368
0.1365
0.1368
0.1370
0.1369
0.1365
0.1363
0.1366
0.1368
0.1368
0.1370
0.1368
0.1366
0.1368
0.1369
0.1369
0.1368
0.1369
0.1364
0.1368
0.1367
0.1373
0.1366
0.1367
0.1369
0.1371
0.1366
0.1365
0.1369
0.1369
0.1368
0.1368
0.1364
0.1369
0.1370
0.1365
0.1367
0.1368
0.1367
0.1367
0.1370
0.1368
0.1366
0.1367
0.1368
0.1365
0.1365
0.1365
0.1367
0.1366
0.1366
0.1366
0.1364
0.1366
0.1366
0.1365
0.1364
0.1365
0.1364
0.1361
0.1365
0.1359
0.1360
0.1362
0.1364
0.1361
0.1363
0.1359
0.1363
0.1360
0.1359
0.1358
0.1362
0.1361
0.1366
0.1361
0.1357
0.1362
0.1358
0.1361
0.1362
0.1362
0.1362
0.1362
0.1361
0.1361
0.1357
0.1359
0.1361
0.1362
0.1359
0.1362
0.1364
0.1362
0.1361
0.1360
0.1363
0.1361
0.1363
0.1363
0.1361
0.1359
0.1357
0.1360
0.1360
0.1359
0.1361
0.1362
0.1362
0.1360
0.1357
0.1361
0.1358
0.1361
0.1362
0.1360
0.1360
0.1363
0.1360
0.1360
0.1358
0.1361
0.1358
0.1359
0.1362
0.1361
0.1363
0.1359
0.1361
0.1358
0.1360
0.1363
0.1362
0.1362
0.1360
0.1359
0.1361
0.1361
0.1356
0.1362
0.1360
0.1362
0.1361
0.1361
0.1357
0.1361
0.1361
0.1361
0.1360
0.1360
0.1359
0.1361
0.1360
0.1362
0.1355
0.1362
0.1362
0.1359
0.1360
0.1360
0.1357
0.1364
0.1360
0.1358
0.1360
0.1358
0.1360
0.1357
0.1358
0.1358
0.1358
0.1360
0.1357
0.1361
0.1356
0.1358
0.1356
0.1355
0.1355
0.1356
0.1348
0.1356
0.1356
0.1359
0.1359
0.1355
0.1356
0.1355
0.1359
0.1359
0.1354
0.1357
0.1356
0.1357
0.1356
0.1355
0.1356
0.1350
0.1355
0.1355
0.1355
0.1354
0.1355
0.1354
0.1354
0.1356
0.1354
0.1356
0.1351
0.1356
0.1352
0.1356
0.1353
0.1355
0.1356
0.1355
0.1354
0.1351
0.1354
0.1356
0.1354
0.1353
0.1352
0.1354
0.1353
0.1354
0.1356
0.1353
0.1353
0.1354
0.1353
0.1352
0.1353
0.1355
0.1355
0.1354
0.1354
0.1353
0.1353
0.1353
0.1354
0.1351
0.1355
0.1353
0.1352
0.1354
0.1354
0.1354
0.1353
0.1352
0.1352
0.1352
0.1347
0.1354
0.1351
0.1350
0.1351
0.1355
0.1356
0.1355
0.1355
0.1354
0.1355
0.1354
0.1353
0.1355
0.1356
0.1353
0.1353
0.1359
0.1354
0.1353
0.1354
0.1356
0.1354
0.1356
0.1356
0.1353
0.1354
0.1351
0.1355
0.1356
0.1356
0.1355
0.1355
0.1354
0.1355
0.1353
0.1353
0.1354
0.1353
0.1355
0.1354
0.1354
0.1355
0.1354
0.1355
0.1352
0.1353
0.1353
0.1353
0.1353
0.1354
0.1353
0.1353
0.1353
0.1354
0.1353
0.1355
0.1355
0.1351
0.1352
0.1352
0.1354
0.1351
0.1354
0.1354
0.1352
0.1352
0.1352
0.1352
0.1353
0.1356
0.1354
0.1354
0.1355
0.1353
0.1352
0.1353
0.1353
0.1351
0.1355
0.1354
0.1352
0.1351
0.1352
0.1350
0.1356
0.1351
0.1349
0.1352
0.1353
0.1351
0.1352
0.1353
0.1355
0.1354
0.1354
0.1351
0.1353
0.1353
0.1353
0.1354
0.1347
0.1349
0.1353
0.1354
0.1348
0.1352
0.1354
0.1352
0.1351
0.1353
0.1352
0.1351
0.1352
0.1353
0.1353
0.1354
0.1354
0.1353
0.1352
0.1350
0.1350
