0.1023
0.1026
0.1030
0.1031
0.1036
0.1454
0.1659
0.1873
0.1993
0.2159
0.2252
0.2392
0.2487
0.2578
0.2679
0.2781
0.2841
0.2945
0.3031
0.3084
0.3118
0.3209
0.3220
0.3275
0.3306
0.3353
0.3392
0.3419
0.3475
0.3541
0.3546
0.3579
0.3593
0.3646
0.3667
0.3685
0.3707
0.3705
0.3725
0.3728
0.3725
0.3737
0.3770
0.3776
0.3811
0.3818
0.3803
0.3838
0.3826
0.3844
0.3854
0.3861
0.3841
0.3868
0.3882
0.3868
0.3874
0.3909
0.3896
0.3896
0.3906
0.3899
0.3912
0.3922
0.3929
0.3916
0.3940
0.3917
0.3921
0.3924
0.3917
0.3942
0.3954
0.3924
0.3939
0.3942
0.3947
0.3947
0.3949
0.3952
0.3950
0.3929
0.3940
0.3955
0.3952
0.3944
0.3942
0.3947
0.3929
0.3935
0.3935
0.3917
0.3939
0.3932
0.3942
0.3911
0.3925
0.3935
0.3929
0.3929
0.3916
0.3917
0.3942
0.3949
0.3917
0.3934
0.3917
0.3930
0.3922
0.3922
0.3921
0.3927
0.3927
0.3930
0.3929
0.3924
0.3934
0.3917
0.3924
0.3927
0.3930
0.3922
0.3929
0.3912
0.3919
0.3921
0.3932
0.3917
0.3927
0.3907
0.3917
0.3901
0.3935
0.3906
0.3916
0.3914
0.3925
0.3922
0.3901
0.3917
0.3916
0.3917
0.3939
0.3922
0.3919
0.3909
0.3932
0.3917
0.3929
0.3927
0.3929
0.3925
0.3939
0.3927
0.3921
0.3937
0.3911
0.3925
0.3919
0.3924
0.3929
0.3917
0.3927
0.3919
0.3925
0.3929
0.3934
0.3909
0.3927
0.3929
0.3924
0.3934
0.3924
0.3935
0.3929
0.3921
0.3934
0.3929
0.3914
0.3935
0.3944
0.3922
0.3917
0.3925
0.3924
0.3939
0.3929
0.3940
0.3911
0.3925
0.3921
0.3922
0.3914
0.3930
0.3927
0.3907
0.3925
0.3922
0.3922
0.3917
0.3916
0.3927
0.3919
0.3912
0.3925
0.3927
0.3924
0.3921
0.3927
0.3909
0.3919
0.3901
0.3917
0.3916
0.3909
0.3921
0.3912
0.3907
0.3917
0.3922
0.3925
0.3916
0.3917
0.3921
0.3899
0.3921
0.3907
0.3922
0.3917
0.3911
0.3904
0.3914
0.3916
0.3904
0.3911
0.3904
0.3912
0.3899
0.3906
0.3906
0.3912
0.3901
0.3907
0.3919
0.3911
0.3911
0.3902
0.3906
0.3907
0.3907
0.3921
0.3909
0.3907
0.3901
0.3907
0.3899
0.3911
0.3904
0.3899
0.3899
0.3906
0.3889
0.3896
0.3897
0.3901
0.3904
0.3894
0.3906
0.3902
0.3902
0.3897
0.3907
0.3896
0.3907
0.3894
0.3896
0.3897
0.3891
0.3884
0.3881
0.3889
0.3902
0.3897
0.3889
0.3891
0.3899
0.3894
0.3891
0.3894
0.3906
0.3884
0.3882
0.3887
0.3889
0.3874
0.3899
0.3901
0.3899
0.3889
0.3886
0.3892
0.3886
0.3887
0.3892
0.3886
0.3887
0.3876
0.3899
0.3868
0.3884
0.3887
0.3899
0.3879
0.3856
0.3882
0.3884
0.3881
0.3887
0.3859
0.3882
0.3881
0.3876
0.3881
0.3882
0.3889
0.3882
0.3861
0.3881
0.3879
0.3877
0.3891
0.3871
0.3879
0.3876
0.3871
0.3873
0.3869
0.3874
0.3873
0.3869
0.3884
0.3869
0.3868
0.3866
0.3874
0.3882
0.3876
0.3871
0.3889
0.3866
0.3876
0.3863
0.3864
0.3884
0.3866
0.3894
0.3873
0.3868
0.3876
0.3891
0.3876
0.3874
0.3874
0.3873
0.3889
0.3892
0.3877
0.3866
0.3884
0.3876
0.3889
0.3876
0.3886
0.3886
0.3886
0.3876
0.3887
0.3887
0.3886
0.3902
0.3891
0.3879
0.3882
0.3873
0.3882
0.3871
0.3882
0.3876
0.3884
0.3899
0.3874
0.3879
0.3881
0.3882
0.3886
0.3884
0.3889
0.3892
0.3892
0.3882
0.3889
0.3882
0.3904
0.3877
0.3884
0.3894
0.3879
0.3879
0.3887
0.3879
0.3884
0.3884
0.3889
0.3886
0.3882
0.3892
0.3882
0.3882
0.3897
0.3892
0.3884
0.3889
0.3899
0.3894
0.3891
0.3901
0.3891
0.3892
0.3891
0.3891
0.3892
0.3911
0.3892
0.3901
0.3879
0.3891
0.3894
0.3887
0.3887
0.3896
0.3876
0.3889
0.3896
0.3892
0.3897
0.3887
0.3886
0.3887
0.3884
0.3882
0.3897
0.3896
0.3897
0.3892
0.3896
0.3886
0.3891
0.3882
0.3894
0.3901
0.3871
0.3887
0.3896
0.3897
0.3881
0.3884
0.3886
0.3873
0.3902
0.3886
0.3887
0.3886
0.3886
0.3892
0.3892
0.3886
0.3886
0.3896
0.3887
0.3892
0.3884
0.3892
0.3882
0.3897
0.3904
0.3892
0.3881
0.3891
0.3884
0.3897
0.3894
0.3891
0.3896
0.3889
0.3882
0.3889
0.3902
0.3897
0.3906
0.3889
0.3897
0.3902
0.3894
0.3899
0.3899
0.3896
0.3887
0.3897
0.3889
0.3889
0.3882
0.3884
0.3896
0.3886
0.3886
0.3889
0.3886
0.3884
0.3882
0.3887
0.3879
0.3884
0.3884
0.3889
0.3882
0.3873
0.3884
0.3879
0.3874
0.3871
0.3879
0.3881
0.3874
0.3889
0.3881
0.3877
0.3874
0.3887
0.3879
0.3882
0.3882
0.3876
0.3871
0.3877
0.3869
0.3876
0.3863
0.3866
0.3869
0.3866
0.3874
0.3869
0.3876
0.3864
0.3868
0.3864
0.3856
0.3868
0.3866
0.3876
0.3858
0.3863
0.3863
0.3864
0.3859
0.3868
0.3874
0.3869
0.3864
0.3869
0.3861
0.3876
0.3866
0.3874
0.3869
0.3874
0.3871
0.3869
0.3851
0.3868
0.3868
0.3879
0.3864
0.3874
0.3868
0.3859
0.3866
0.3873
0.3864
0.3866
0.3868
0.3864
0.3871
0.3871
0.3873
0.3861
0.3869
0.3873
0.3877
0.3871
0.3866
0.3881
0.3877
0.3873
0.3874
0.3871
0.3876
0.3876
0.3877
0.3879
0.3869
0.3873
0.3869
0.3871
0.3874
0.3876
0.3874
0.3891
0.3876
0.3873
0.3874
0.3877
0.3881
0.3879
0.3876
0.3873
0.3886
0.3877
0.3887
0.3877
0.3881
0.3882
0.3884
0.3882
0.3868
0.3876
0.3886
0.3868
0.3889
0.3881
0.3877
0.3877
0.3879
0.3891
0.3874
0.3887
0.3891
0.3889
0.3882
0.3881
0.3889
0.3891
0.3879
0.3881
0.3882
0.3884
0.3881
0.3881
0.3891
0.3884
0.3879
0.3881
0.3882
0.3887
0.3891
0.3896
0.3894
0.3887
0.3896
0.3892
0.3886
0.3889
0.3886
0.3879
0.3901
0.3901
0.3897
0.3899
0.3896
0.3892
0.3906
0.3897
0.3884
0.3892
0.3891
0.3907
0.3896
0.3892
0.3899
0.3899
0.3897
0.3897
0.3902
0.3909
0.3889
0.3896
0.3899
0.3891
0.3907
0.3896
0.3902
0.3901
0.3902
0.3894
0.3896
0.3904
0.3896
0.3896
0.3892
0.3889
0.3901
0.3894
0.3894
0.3889
0.3884
0.3901
0.3897
0.3897
0.3884
0.3889
0.3901
0.3897
0.3902
0.3897
0.3889
0.3897
0.3891
0.3887
0.3899
0.3894
0.3886
0.3896
0.3897
0.3889
0.3879
0.3891
0.3896
0.3879
0.3896
0.3889
0.3896
0.3882
0.3886
0.3891
0.3902
0.3899
0.3889
0.3884
0.3889
0.3882
0.3891
0.3901
0.3887
0.3886
0.3897
0.3887
0.3894
0.3886
0.3891
0.3887
0.3891
0.3892
0.3894
0.3877
0.3894
0.3887
0.3906
0.3892
0.3879
0.3882
0.3902
0.3884
0.3884
0.3881
0.3886
0.3881
0.3884
0.3881
0.3886
0.3882
0.3879
0.3889
0.3882
0.3874
0.3884
0.3886
0.3881
0.3881
0.3886
0.3881
0.3874
0.3877
0.3891
0.3892
0.3877
0.3876
0.3882
0.3871
0.3879
0.3889
0.3873
0.3874
0.3877
0.3879
0.3876
0.3871
0.3877
0.3882
0.3869
0.3884
0.3884
0.3874
0.3884
0.3871
0.3879
0.3868
0.3881
0.3873
0.3882
0.3876
0.3856
0.3879
0.3873
0.3881
0.3881
0.3881
0.3866
0.3884
0.3866
0.3879
0.3879
0.3873
0.3874
0.3873
0.3877
0.3879
0.3886
0.3874
0.3879
0.3874
0.3882
0.3879
0.3873
0.3879
0.3871
0.3886
0.3886
0.3877
0.3886
0.3877
0.3886
0.3871
0.3886
0.3879
0.3886
0.3874
0.3884
0.3889
0.3879
0.3882
0.3892
0.3871
0.3889
0.3879
0.3877
0.3891
0.3886
0.3877
0.3881
0.3884
0.3879
0.3886
0.3882
0.3877
0.3886
0.3879
0.3881
0.3879
0.3877
0.3891
0.3881
0.3884
0.3886
0.3887
0.3877
0.3894
0.3891
0.3886
0.3884
0.3887
0.3889
0.3886
0.3882
0.3887
0.3884
0.3877
0.3884
0.3884
0.3887
0.3894
0.3889
0.3884
0.3889
0.3877
0.3882
0.3879
0.3891
0.3882
0.3892
0.3887
0.3879
0.3889
0.3882
0.3886
0.3891
0.3887
0.3892
0.3887
0.3887
0.3882
0.3874
0.3886
0.3897
0.3884
0.3879
0.3881
0.3881
0.3884
0.3884
0.3892
0.3894
0.3882
0.3881
0.3882
0.3881
0.3887
0.3877
0.3897
0.3886
0.3891
0.3881
0.3889
0.3891
0.3897
0.3891
0.3882
0.3901
0.3882
0.3894
0.3891
0.3889
0.3882
0.3881
0.3881
0.3881
0.3887
0.3881
0.3881
0.3891
0.3879
0.3886
0.3884
0.3887
0.3886
0.3887
0.3889
0.3886
0.3874
0.3897
0.3896
0.3873
0.3882
0.3882
0.3882
0.3879
0.3892
0.3887
0.3889
0.3879
0.3887
0.3876
0.3891
0.3889
0.3891
0.3882
0.3877
0.3881
0.3873
0.3891
0.3882
0.3884
0.3887
0.3877
0.3889
0.3897
0.3882
0.3899
0.3881
0.3891
0.3887
0.3897
0.3886
0.3891
0.3874
0.3901
0.3886
0.3882
0.3881
0.3884
0.3876
0.3886
0.3887
0.3881
0.3889
0.3886
0.3882
0.3889
0.3886
0.3879
0.3886
0.3881
0.3891
0.3882
0.3897
0.3896
0.3882
0.3887
0.3887
0.3884
0.3881
0.3889
0.3889
0.3896
0.3894
0.3884
0.3879
0.3879
0.3899
0.3887
0.3881
0.3886
0.3889
0.3884
0.3882
0.3886
0.3911
0.3884
0.3886
0.3887
0.3881
0.3899
0.3887
0.3892
0.3889
0.3889
0.3889
0.3892
0.3886
0.3886
0.3886
0.3889
0.3904
0.3892
0.3887
0.3879
0.3891
0.3901
0.3899
0.3894
0.3892
0.3891
0.3886
0.3891
0.3889
0.3886
0.3882
0.3892
0.3876
0.3886
0.3892
0.3886
0.3884
0.3877
0.3884
0.3874
0.3881
0.3877
0.3894
0.3882
0.3876
0.3882
0.3877
0.3882
0.3897
0.3886
0.3881
0.3871
0.3882
0.3881
0.3884
0.3876
0.3882
0.3881
0.3877
0.3886
0.3891
0.3884
0.3874
0.3873
0.3876
0.3877
0.3884
0.3881
0.3889
0.3877
0.3881
0.3879
0.3876
0.3879
0.3886
0.3873
0.3869
0.3866
0.3886
0.3874
0.3892
0.3886
0.3871
0.3868
0.3877
0.3881
0.3873
0.3861
0.3864
0.3876
0.3882
0.3871
0.3866
0.3879
0.3889
0.3881
0.3869
0.3871
0.3877
0.3873
0.3869
0.3876
0.3877
0.3869
0.3871
0.3881
0.3868
0.3866
0.3881
0.3886
0.3868
0.3877
0.3874
0.3864
0.3869
0.3879
0.3873
0.3881
0.3887
0.3874
0.3882
0.3868
0.3879
0.3877
0.3887
0.3874
0.3879
0.3879
0.3864
0.3882
0.3879
0.3886
0.3866
0.3879
0.3884
0.3873
0.3869
0.3873
0.3871
0.3874
0.3869
0.3869
0.3877
0.3882
0.3869
0.3886
0.3873
0.3879
0.3869
0.3887
0.3874
0.3896
0.3887
0.3868
0.3886
0.3864
0.3877
0.3881
0.3894
0.3884
0.3894
0.3891
0.3879
0.3876
0.3869
0.3894
0.3882
0.3887
0.3881
0.3882
0.3889
0.3884
0.3884
0.3891
0.3887
0.3876
0.3899
0.3882
0.3879
0.3889
0.3866
0.3887
0.3874
0.3894
0.3896
0.3869
0.3881
0.3882
0.3891
0.3889
0.3901
0.3873
0.3882
0.3891
0.3881
0.3876
0.3881
0.3884
0.3877
0.3894
0.3882
0.3873
0.3884
0.3896
0.3891
0.3894
0.3876
0.3886
0.3879
0.3881
0.3882
0.3891
0.3891
0.3886
0.3897
0.3901
0.3896
0.3882
0.3881
0.3892
0.3891
0.3891
0.3904
0.3889
0.3881
0.3897
0.3886
0.3889
0.3886
0.3899
0.3894
0.3891
0.3891
0.3892
0.3896
0.3899
0.3881
0.3887
0.3892
0.3894
0.3891
0.3887
0.3889
0.3884
0.3889
0.3891
0.3901
0.3892
0.3892
0.3892
0.3899
0.3886
0.3879
0.3894
0.3879
0.3886
0.3896
0.3894
0.3889
0.3894
0.3886
0.3896
0.3897
0.3881
0.3896
0.3886
0.3899
0.3882
0.3892
0.3882
0.3887
0.3894
0.3891
0.3881
0.3886
0.3899
0.3886
0.3892
0.3896
0.3891
0.3887
0.3886
0.3889
0.3894
0.3874
0.3873
0.3876
0.3881
0.3891
0.3889
0.3889
0.3879
0.3884
0.3891
0.3884
0.3868
0.3889
0.3892
0.3874
0.3891
0.3884
0.3884
0.3887
0.3891
0.3879
0.3892
0.3901
0.3879
0.3882
0.3891
0.3881
0.3879
0.3889
0.3886
0.3884
0.3871
0.3882
0.3889
0.3869
0.3909
0.3896
0.3896
0.3871
0.3869
0.3879
0.3899
0.3892
0.3899
0.3897
0.3889
0.3889
0.3901
0.3884
0.3882
0.3897
0.3866
0.3882
0.3894
0.3889
0.3891
0.3884
0.3889
0.3892
0.3881
0.3897
0.3877
0.3897
0.3868
0.3896
0.3892
0.3881
0.3881
0.3897
0.3882
0.3877
0.3881
0.3874
0.3879
0.3886
0.3877
0.3876
0.3894
0.3881
0.3874
0.3896
0.3901
0.3891
0.3887
0.3902
0.3886
0.3887
0.3891
0.3873
0.3877
0.3884
0.3881
0.3891
0.3882
0.3884
0.3891
0.3873
0.3876
0.3884
0.3882
0.3884
0.3889
0.3884
0.3891
0.3892
0.3891
0.3896
0.3899
0.3884
0.3882
0.3889
0.3889
0.3876
0.3871
0.3891
0.3881
0.3881
0.3877
0.3866
0.3892
0.3876
0.3886
0.3889
0.3879
0.3877
0.3889
0.3873
0.3882
0.3889
0.3879
0.3887
0.3882
0.3877
0.3879
0.3892
0.3886
0.3881
0.3891
0.3881
0.3871
0.3869
0.3886
0.3869
0.3881
0.3884
0.3882
0.3886
0.3868
0.3886
0.3887
0.3887
0.3874
0.3882
0.3873
0.3871
0.3894
0.3889
0.3886
0.3886
0.3882
0.3882
0.3887
0.3879
0.3884
0.3882
0.3873
0.3886
0.3871
0.3882
0.3889
0.3874
0.3874
