0.0478
0.0478
0.0478
0.0479
0.0480
0.0669
0.0813
0.0939
0.1034
0.1116
0.1155
0.1225
0.1277
0.1333
0.1384
0.1430
0.1471
0.1520
0.1556
0.1587
0.1608
0.1663
0.1673
0.1701
0.1726
0.1746
0.1785
0.1794
0.1821
0.1842
0.1849
0.1865
0.1870
0.1879
0.1893
0.1901
0.1919
0.1919
0.1928
0.1927
0.1931
0.1936
0.1947
0.1950
0.1961
0.1968
0.1968
0.1978
0.1968
0.1983
0.1979
0.1984
0.1983
0.1995
0.1994
0.1992
0.1991
0.2003
0.1996
0.1997
0.2002
0.1994
0.2001
0.2004
0.2006
0.2006
0.2015
0.2007
0.2011
0.2012
0.2011
0.2018
0.2022
0.2013
0.2015
0.2021
0.2024
0.2021
0.2020
0.2024
0.2020
0.2017
0.2018
0.2021
0.2025
0.2021
0.2019
0.2019
0.2016
0.2019
0.2020
0.2012
0.2019
0.2014
0.2019
0.2011
0.2016
0.2015
0.2020
0.2017
0.2012
0.2010
0.2024
0.2027
0.2017
0.2020
0.2016
0.2020
0.2024
0.2023
0.2018
0.2019
0.2019
0.2024
0.2022
0.2020
0.2025
0.2020
0.2025
0.2018
0.2023
0.2025
0.2029
0.2020
0.2028
0.2025
0.2036
0.2022
0.2027
0.2024
0.2021
0.2018
0.2029
0.2018
0.2027
0.2024
0.2030
0.2027
0.2026
0.2028
0.2021
0.2028
0.2036
0.2025
0.2027
0.2022
0.2029
0.2029
0.2031
0.2029
0.2028
0.2027
0.2027
0.2030
0.2031
0.2034
0.2028
0.2031
0.2033
0.2032
0.2036
0.2033
0.2034
0.2031
0.2026
0.2033
0.2034
0.2027
0.2031
0.2035
0.2034
0.2031
0.2036
0.2033
0.2033
0.2030
0.2033
0.2030
0.2027
0.2033
0.2037
0.2030
0.2030
0.2034
0.2030
0.2033
0.2033
0.2032
0.2026
0.2033
0.2030
0.2029
0.2025
0.2032
0.2029
0.2026
0.2031
0.2030
0.2029
0.2027
0.2023
0.2029
0.2026
0.2025
0.2028
0.2029
0.2029
0.2023
0.2028
0.2024
0.2025
0.2021
0.2030
0.2025
0.2025
0.2028
0.2023
0.2020
0.2024
0.2023
0.2025
0.2024
0.2026
0.2024
0.2016
0.2023
0.2022
0.2027
0.2020
0.2021
0.2017
0.2021
0.2020
0.2020
0.2018
0.2017
0.2017
0.2011
0.2013
0.2018
0.2021
0.2017
0.2019
0.2020
0.2015
0.2020
0.2016
0.2014
0.2014
0.2018
0.2024
0.2017
0.2011
0.2019
0.2013
0.2011
0.2020
0.2017
0.2013
0.2012
0.2017
0.2013
0.2011
0.2014
0.2021
0.2013
0.2014
0.2016
0.2017
0.2014
0.2014
0.2012
0.2011
0.2017
0.2009
0.2014
0.2014
0.2012
0.2008
0.2010
0.2008
0.2013
0.2014
0.2012
0.2011
0.2010
0.2015
0.2009
0.2009
0.2016
0.2013
0.2011
0.2009
0.2010
0.2005
0.2012
0.2013
0.2018
0.2012
0.2014
0.2013
0.2009
0.2014
0.2015
0.2008
0.2016
0.2010
0.2017
0.2003
0.2007
0.2013
0.2019
0.2009
0.2000
0.2010
0.2010
0.2011
0.2014
0.2003
0.2005
0.2011
0.2006
0.2012
0.2010
0.2016
0.2010
0.1999
0.2011
0.2007
0.2006
0.2011
0.2007
0.2005
0.2007
0.2002
0.2006
0.2005
0.2010
0.2004
0.2002
0.2015
0.2003
0.2010
0.2006
0.2006
0.2010
0.2005
0.2007
0.2013
0.2003
0.2009
0.2000
0.2005
0.2010
0.2005
0.2014
0.2008
0.2005
0.2006
0.2014
0.2007
0.2007
0.2009
0.2008
0.2010
0.2016
0.2006
0.2004
0.2010
0.2008
0.2013
0.2004
0.2012
0.2009
0.2010
0.2009
0.2008
0.2012
0.2017
0.2014
0.2015
0.2008
0.2010
0.2005
0.2009
0.2007
0.2009
0.2009
0.2008
0.2018
0.2008
0.2007
0.2007
0.2008
0.2008
0.2010
0.2012
0.2012
0.2010
0.2008
0.2010
0.2008
0.2013
0.2009
0.2004
0.2008
0.2005
0.2009
0.2008
0.2006
0.2007
0.2005
0.2005
0.2009
0.2003
0.2009
0.2003
0.2005
0.2008
0.2010
0.2006
0.2007
0.2013
0.2008
0.2005
0.2010
0.2007
0.2013
0.2004
0.2006
0.2008
0.2012
0.2007
0.2011
0.2005
0.2006
0.2007
0.2005
0.2006
0.2008
0.2004
0.2007
0.2007
0.2009
0.2009
0.2005
0.2004
0.2007
0.2006
0.2005
0.2009
0.2009
0.2009
0.2008
0.2008
0.2007
0.2008
0.2003
0.2009
0.2010
0.2004
0.2002
0.2009
0.2007
0.2006
0.2003
0.2002
0.2004
0.2007
0.2005
0.2006
0.2003
0.2006
0.2003
0.2001
0.2007
0.2005
0.2003
0.2003
0.2004
0.2006
0.2006
0.2001
0.2002
0.2004
0.2000
0.1998
0.2002
0.2000
0.2007
0.2002
0.2006
0.2002
0.2000
0.2001
0.2001
0.2004
0.2003
0.2008
0.1999
0.2005
0.2007
0.2005
0.2003
0.2002
0.2002
0.2001
0.2004
0.1999
0.2002
0.1999
0.1998
0.2001
0.1999
0.1999
0.2000
0.1997
0.1997
0.1997
0.1999
0.1998
0.1999
0.1998
0.1999
0.1996
0.1997
0.1999
0.1997
0.1997
0.1993
0.1998
0.1998
0.1997
0.2000
0.1994
0.1996
0.1996
0.2000
0.1995
0.1995
0.1999
0.1996
0.1996
0.1996
0.1991
0.1995
0.1991
0.1992
0.1992
0.1988
0.1994
0.1992
0.1992
0.1992
0.1989
0.1990
0.1986
0.1990
0.1989
0.1994
0.1988
0.1990
0.1988
0.1990
0.1990
0.1991
0.1992
0.1991
0.1988
0.1992
0.1990
0.1993
0.1989
0.1993
0.1992
0.1991
0.1992
0.1994
0.1987
0.1990
0.1990
0.1996
0.1992
0.1993
0.1993
0.1991
0.1994
0.1992
0.1987
0.1989
0.1991
0.1993
0.1993
0.1992
0.1991
0.1989
0.1994
0.1993
0.1994
0.1994
0.1994
0.1995
0.1995
0.1993
0.1993
0.1993
0.1991
0.1992
0.1993
0.1994
0.1994
0.1992
0.1991
0.1993
0.1995
0.1995
0.1994
0.1998
0.1994
0.1994
0.1993
0.1994
0.1996
0.1995
0.1993
0.1995
0.1997
0.1995
0.1996
0.1995
0.1996
0.1996
0.1994
0.1997
0.1992
0.1991
0.1995
0.1990
0.1995
0.1999
0.1990
0.1993
0.1994
0.1996
0.1990
0.1994
0.2000
0.1998
0.1990
0.1995
0.1994
0.1996
0.1995
0.1995
0.1994
0.1995
0.1992
0.1995
0.1996
0.1994
0.1992
0.1993
0.1995
0.1996
0.1997
0.1995
0.2000
0.1996
0.1998
0.1999
0.1998
0.1994
0.1996
0.1997
0.2000
0.2001
0.2000
0.1999
0.1999
0.1998
0.2003
0.2001
0.1995
0.1998
0.1996
0.2001
0.2000
0.1996
0.2003
0.2000
0.2000
0.2001
0.2001
0.2004
0.1995
0.2002
0.2000
0.1996
0.2001
0.1998
0.2003
0.2002
0.2005
0.1996
0.2000
0.2000
0.1999
0.2000
0.1997
0.1997
0.1999
0.1999
0.1998
0.1997
0.1997
0.2001
0.2000
0.1998
0.1995
0.1997
0.2001
0.1998
0.2002
0.2001
0.1999
0.2001
0.1997
0.1997
0.1999
0.1997
0.1995
0.2000
0.1999
0.1994
0.1995
0.1998
0.1998
0.1995
0.2001
0.1998
0.2001
0.1995
0.1995
0.1997
0.2001
0.2000
0.1996
0.1993
0.1995
0.1995
0.2000
0.2002
0.1994
0.1994
0.2002
0.1999
0.2002
0.1993
0.1998
0.1997
0.1998
0.2000
0.1999
0.1993
0.1999
0.1995
0.2002
0.1999
0.1995
0.1995
0.2000
0.1999
0.2000
0.1995
0.1996
0.1993
0.1995
0.1994
0.1996
0.1996
0.1996
0.1998
0.1994
0.1994
0.1998
0.1996
0.1995
0.1996
0.1996
0.1995
0.1992
0.1993
0.1998
0.2000
0.1995
0.1992
0.1992
0.1991
0.1995
0.1997
0.1992
0.1996
0.1994
0.1995
0.1994
0.1990
0.1993
0.1994
0.1989
0.1994
0.1995
0.1992
0.1997
0.1993
0.1996
0.1991
0.1993
0.1991
0.1997
0.1994
0.1988
0.1996
0.1993
0.1996
0.1997
0.1997
0.1991
0.1996
0.1990
0.1996
0.1992
0.1992
0.1996
0.1991
0.1995
0.1998
0.1998
0.1991
0.1992
0.1992
0.1994
0.1995
0.1992
0.1991
0.1992
0.1998
0.1994
0.1997
0.1996
0.1994
0.1996
0.1991
0.1997
0.1993
0.1994
0.1992
0.1997
0.1996
0.1998
0.1994
0.2003
0.1991
0.1998
0.1992
0.1995
0.1998
0.1997
0.1994
0.1999
0.1999
0.1995
0.1998
0.1997
0.1998
0.1997
0.1994
0.1996
0.1997
0.1997
0.2001
0.1998
0.1998
0.2000
0.1997
0.2001
0.2004
0.2000
0.2002
0.2003
0.2001
0.2003
0.2002
0.2003
0.2004
0.2002
0.1999
0.2002
0.2003
0.2000
0.2010
0.2003
0.2005
0.2005
0.2002
0.2001
0.1996
0.2003
0.2004
0.2004
0.2003
0.2000
0.2003
0.2005
0.2001
0.2002
0.2003
0.2004
0.2001
0.2004
0.2002
0.1999
0.2002
0.2007
0.1999
0.2002
0.1999
0.2001
0.2001
0.2002
0.2004
0.2005
0.1998
0.2001
0.2001
0.2000
0.2004
0.2000
0.2005
0.2002
0.2006
0.2003
0.2006
0.2006
0.2008
0.2005
0.2001
0.2009
0.2003
0.2008
0.2004
0.2004
0.2001
0.2004
0.2001
0.2004
0.2004
0.2001
0.1999
0.2005
0.2002
0.2002
0.2004
0.2000
0.2005
0.2004
0.2005
0.2004
0.1999
0.2008
0.2008
0.1998
0.2004
0.2004
0.2006
0.2003
0.2009
0.2003
0.2007
0.2000
0.2005
0.2001
0.2008
0.2003
0.2009
0.2005
0.2004
0.2001
0.2001
0.2007
0.2001
0.2006
0.2006
0.2002
0.2003
0.2008
0.2003
0.2009
0.2007
0.2007
0.2006
0.2007
0.2005
0.2009
0.2005
0.2010
0.2009
0.2004
0.2007
0.2007
0.2003
0.2007
0.2011
0.2005
0.2007
0.2006
0.2006
0.2007
0.2008
0.2002
0.2009
0.2004
0.2010
0.2007
0.2009
0.2009
0.2005
0.2007
0.2009
0.2008
0.2005
0.2007
0.2010
0.2008
0.2007
0.2006
0.2006
0.2006
0.2009
0.2008
0.2006
0.2008
0.2009
0.2008
0.2005
0.2006
0.2017
0.2005
0.2007
0.2006
0.2004
0.2009
0.2007
0.2010
0.2010
0.2006
0.2008
0.2009
0.2007
0.2006
0.2006
0.2008
0.2012
0.2008
0.2005
0.2006
0.2008
0.2012
0.2015
0.2008
0.2009
0.2007
0.2007
0.2008
0.2008
0.2009
0.2006
0.2009
0.2005
0.2009
0.2011
0.2007
0.2006
0.2005
0.2008
0.2005
0.2007
0.2005
0.2014
0.2005
0.2007
0.2007
0.2006
0.2009
0.2012
0.2006
0.2008
0.2005
0.2008
0.2009
0.2010
0.2008
0.2005
0.2008
0.2007
0.2009
0.2012
0.2010
0.2010
0.2006
0.2007
0.2008
0.2010
0.2007
0.2009
0.2008
0.2008
0.2008
0.2006
0.2004
0.2009
0.2005
0.2006
0.2008
0.2010
0.2005
0.2013
0.2010
0.2007
0.2004
0.2006
0.2007
0.2006
0.2005
0.2003
0.2008
0.2008
0.2006
0.2007
0.2007
0.2008
0.2009
0.2006
0.2006
0.2007
0.2007
0.2006
0.2008
0.2008
0.2008
0.2003
0.2014
0.2006
0.2005
0.2010
0.2012
0.2007
0.2008
0.2009
0.2007
0.2007
0.2008
0.2007
0.2009
0.2014
0.2008
0.2010
0.2005
0.2008
0.2011
0.2014
0.2009
0.2009
0.2010
0.2007
0.2011
0.2009
0.2012
0.2005
0.2008
0.2011
0.2008
0.2007
0.2010
0.2008
0.2008
0.2007
0.2007
0.2010
0.2008
0.2006
0.2011
0.2007
0.2011
0.2005
0.2010
0.2009
0.2012
0.2011
0.2004
0.2010
0.2006
0.2009
0.2010
0.2012
0.2009
0.2012
0.2016
0.2008
0.2009
0.2010
0.2012
0.2008
0.2012
0.2008
0.2009
0.2009
0.2010
0.2011
0.2014
0.2011
0.2007
0.2015
0.2008
0.2008
0.2015
0.2002
0.2010
0.2008
0.2015
0.2014
0.2005
0.2009
0.2011
0.2011
0.2017
0.2014
0.2010
0.2010
0.2019
0.2009
0.2008
0.2009
0.2013
0.2010
0.2016
0.2009
0.2008
0.2013
0.2020
0.2011
0.2009
0.2008
0.2013
0.2008
0.2008
0.2008
0.2014
0.2014
0.2007
0.2016
0.2012
0.2015
0.2008
0.2009
0.2016
0.2015
0.2012
0.2018
0.2012
0.2012
0.2013
0.2011
0.2009
0.2011
0.2015
0.2011
0.2010
0.2013
0.2011
0.2019
0.2016
0.2009
0.2013
0.2014
0.2014
0.2014
0.2015
0.2009
0.2015
0.2010
0.2016
0.2017
0.2012
0.2012
0.2015
0.2015
0.2011
0.2012
0.2014
0.2009
0.2008
0.2016
0.2009
0.2016
0.2012
0.2014
0.2009
0.2018
0.2008
0.2014
0.2011
0.2017
0.2010
0.2013
0.2007
0.2009
0.2014
0.2012
0.2009
0.2008
0.2012
0.2009
0.2014
0.2013
0.2011
0.2008
0.2011
0.2012
0.2014
0.2007
0.2007
0.2010
0.2009
0.2012
0.2013
0.2012
0.2011
0.2008
0.2011
0.2013
0.2010
0.2011
0.2014
0.2010
0.2018
0.2012
0.2010
0.2009
0.2014
0.2009
0.2014
0.2018
0.2007
0.2010
0.2014
0.2009
0.2007
0.2014
0.2012
0.2009
0.2006
0.2009
0.2011
0.2008
0.2020
0.2017
0.2014
0.2006
0.2005
0.2010
0.2015
0.2015
0.2016
0.2014
0.2013
0.2012
0.2018
0.2013
0.2009
0.2014
0.2006
0.2012
0.2014
0.2011
0.2012
0.2010
0.2011
0.2016
0.2009
0.2014
0.2012
0.2017
0.2004
0.2017
0.2011
0.2012
0.2010
0.2014
0.2006
0.2009
0.2010
0.2007
0.2012
0.2013
0.2009
0.2008
0.2014
0.2010
0.2008
0.2013
0.2017
0.2013
0.2011
0.2017
0.2013
0.2013
0.2011
0.2008
0.2010
0.2009
0.2008
0.2013
0.2008
0.2013
0.2012
0.2007
0.2010
0.2010
0.2012
0.2009
0.2011
0.2011
0.2011
0.2015
0.2016
0.2014
0.2017
0.2010
0.2007
0.2013
0.2012
0.2007
0.2006
0.2011
0.2008
0.2007
0.2005
0.2006
0.2010
0.2008
0.2008
0.2010
0.2010
0.2006
0.2011
0.2008
0.2008
0.2011
0.2006
0.2008
0.2008
0.2008
0.2006
0.2008
0.2013
0.2008
0.2011
0.2008
0.2005
0.2004
0.2009
0.2006
0.2008
0.2006
0.2008
0.2009
0.2004
0.2008
0.2008
0.2008
0.2005
0.2010
0.2005
0.2006
0.2009
0.2010
0.2008
0.2007
0.2008
0.2009
0.2008
0.2004
0.2006
0.2008
0.2005
0.2010
0.2006
0.2006
0.2007
0.2004
0.2004
